28
21
1228
6
24
105
77
179
61
18
135
20
17
27
208
209
35
142
106
80
22
11
11
102
7
58
122
110
93
69
13
17
5
14
76
11
2
14
17
20
41
18
6
452
2
12
5
7
160
45
5
34
25
178
57
23
195
31
20
90
228
30
13
108
186
34
38
12
42
11
14
328
40
11
12
28
22
207
36
14
42
12
67
160
32
7
12
33
58
13
77
11
1
22
48
16
141
70
2
43
36
2
8
57
18
17
29
31
19
77
55
357
205
160
8
36
14
175
18
10
121
350
10
91
17
79
18
8
23
36
16
27
9
32
10
13
109
14
47
66
2
11
7
23
138
52
5
442
444
17
16
2
216
12
64
12
46
583
56
11
43
27
15
62
151
29
196
8
11
3
38
19
33
21
98
17
82
57
13
10
22
82
60
43
94
277
129
95
59
17
73
8
18
105
46
30
47
91
14
7
4
13
66
914
258
69
146
16
5
167
40
244
30
1
12
29
41
7
5
18
11
99
19
19
9
34
50
30
125
17
8
195
6
16
8
33
30
86
72
92
5
160
109
28
70
5
78
6
9
19
145
9
134
139
35
1
33
3
4
23
140
13
31
28
9
64
9
7
158
106
2
21
60
8
28
26
26
11
19
24
9
27
11
72
33
69
132
11
35
59
21
206
82
55
17
7
28
82
10
209
119
94
16
340
6
56
18
7
40
21
4
192
182
561
9
39
54
203
49
24
45
41
73
42
24
14
9
12
26
72
76
10
26
1
24
64
51
40
16
11
12
28
7
41
365
19
50
31
46
116
46
32
44
12
265
3
52
214
258
8
3
432
263
12
29
38
59
16
6
1
45
104
59
34
78
125
27
7
36
34
13
134
8
29
10
225
10
12
36
24
6
56
23
164
140
41
128
518
151
6
100
293
20
19
27
7
8
14
267
89
32
97
10
5
69
37
69
11
133
50
273
158
26
3
22
13
27
61
108
73
94
73
1
109
6
31
52
8
110
4
126
56
9
76
318
19
790
20
66
23
13
82
306
25
5
1
1
19
75
23
12
10
23
65
9
49
59
35
19
749
47
34
9
10
66
313
11
108
65
5
28
29
145
4
28
90
17
351
8
14
36
6
120
797
35
5
52
99
99
64
47
309
229
21
34
87
3
14
238
70
109
37
65
7
255
24
1
9
22
24
127
19
67
6
13
6
14
26
384
212
101
10
3
40
20
329
70
43
102
48
23
104
31
2
3
48
64
40
9
5
55
2
104
112
6
191
102
30
50
33
101
129
18
15
14
0
1
9
297
89
4
61
2
49
12
40
29
77
58
30
251
18
24
99
22
41
67
28
19
67
225
49
17
2
84
65
216
70
15
43
39
12
160
11
22
54
8
123
356
64
141
24
9
202
165
17
15
74
4
4
10
32
215
13
27
306
40
22
105
16
74
15
303
147
17
49
53
23
51
139
34
16
27
0
76
73
557
42
217
8
39
436
4
50
33
85
45
24
7
5
33
31
4
241
37
18
19
61
1448
18
97
17
28
127
46
185
7
37
115
157
102
51
15
41
26
5
181
176
192
191
58
39
5
214
98
38
416
161
376
31
33
9
35
23
45
6
7
3
24
1
8
18
4
32
73
19
27
46
40
10
135
29
250
45
8
9
18
513
4
66
18
21
14
6
40
102
679
469
14
14
102
43
255
14
14
191
47
14
85
21
74
1
172
177
78
29
12
6
21
54
34
24
23
34
11
248
77
14
7
95
11
26
76
32
415
64
13
41
16
34
14
7
188
930
18
26
173
11
12
6
6
15
179
38
67
24
240
118
57
44
10
161
8
100
5
201
9
112
134
15
134
135
53
13
11
806
3
12
11
70
7
17
11
12
50
61
88
5
58
27
18
20
19
41
877
49
101
3
99
69
30
8
11
81
158
276
149
10
7
21
27
3
201
13
12
9
13
150
161
49
53
150
20
52
42
41
51
2
106
35
32
34
87
177
20
1
61
31
26
48
27
16
37
183
353
22
26
16
50
154
25
13
89
48
4
1
9
8
30
3
63
132
31
61
53
96
131
15
310
39
37
52
27
81
67
7
35
87
8
15
59
59
656
6
14
20
44
2
171
142
8
24
29
105
25
17
511
10
68
13
14
39
6
307
8
92
50
19
21
255
200
27
51
41
23
2
48
188
21
34
31
12
34
1
15
285
35
66
33
351
196
131
212
15
1
8
136
7
108
1
465
2
28
22
54
49
74
30
98
233
59
31
137
15
89
363
103
158
124
1
49
19
25
6
157
25
12
12
657
24
43
78
12
13
144
57
84
34
20
4
47
37
45
79
16
243
8
0
10
409
11
17
66
601
41
42
18
11
270
64
20
24
30
14
41
99
24
34
17
3
11
436
40
55
13
47
53
53
66
30
42
6
8
14
80
55
21
122
22
13
1016
47
7
28
76
15
6
15
6
622
24
6
26
0
86
373
35
114
39
27
28
61
405
3462
107
77
363
95
124
25
198
105
9
364
201
357
14
25
21
28
124
218
89
492
110
41
13
22
251
10
12
10
188
15
59
29
91
21
45
22
10
85
196
35
6
36
18
7
2
34
18
44
27
38
67
4
23
17
60
28
25
15
45
17
47
15
11
29
19
89
90
8
98
165
8
29
92
46
15
98
74
5
11
164
13
17
108
363
22
43
11
11
40
29
6
10
30
269
11
183
185
3
54
3
10
9
12
8
64
2
6
99
183
223
50
16
23
92
60
16
90
34
44
35
7
38
65
141
114
38
1
125
13
29
19
6
200
100
55
32
28
36
13
199
132
74
24
69
17
5
228
21
16
58
224
11
60
25
23
32
502
11
7
19
10
6
14
17
210
47
34
46
54
161
420
205
217
24
457
46
57
22
15
17
2
24
249
5
20
6
59
108
11
58
43
13
59
58
95
4
82
17
24
51
16
9
268
283
19
42
43
58
49
31
61
26
54
4
21
502
152
17
5
94
97
77
60
101
135
63
16
4
74
2
14
1
644
1
79
12
34
28
1
226
97
17
7
112
91
68
27
107
21
29
6
216
71
57
159
71
259
86
19
24
13
27
15
135
6
4
122
42
17
4
51
63
25
192
10
26
25
24
6
8
82
61
17
31
3
12
2
3
9
292
34
13
51
45
30
360
690
5
37
96
251
35
38
11
22
6
94
24
22
82
25
6
83
102
36
17
297
5
7
99
117
66
10
12
18
91
1
9
100
16
1
131
16
19
81
214
92
247
113
34
25
46
89
40
41
42
77
9
17
11
41
257
1076
3
21
338
52
16
9
37
3
30
12
595
8
10
126
10
63
24
5
176
395
581
176
415
3
14
13
4
18
332
110
26
452
229
20
4
30
120
7
98
1506
46
8
78
20
10
2
56
255
50
74
8
110
21
18
12
35
192
21
218
64
18
22
117
10
64
119
222
223
23
14
19
32
238
78
7
55
18
58
58
237
8
41
38
139
6
19
36
96
26
9
104
8
17
37
89
31
5
38
68
388
19
13
127
10
10
126
277
63
14
67
21
7
19
20
52
18
15
1
19
13
7
9
23
5
214
251
14
52
99
45
39
344
38
18
21
27
5
29
25
113
40
38
50
350
86
24
19
46
107
13
89
56
4
8
255
52
12
49
12
118
11
28
11
106
86
51
16
92
11
7
42
87
44
2
578
43
46
444
58
8
6
7
110
120
118
159
2
1
104
80
3
66
15
5
26
17
68
5
21
44
150
134
186
39
7
163
54
261
21
12
33
257
98
345
33
3
482
196
17
371
17
89
39
8
10
206
188
78
17
59
69
30
120
71
51
11
20
77
12
233
28
27
267
4
27
98
6
78
55
59
43
12
49
11
38
93
2
41
136
75
74
457
23
239
9
266
97
21
1
34
96
66
123
76
11
3
128
236
41
9
1057
19
43
9
148
2
25
132
42
21
42
34
212
248
48
20
140
79
23
1
23
18
146
19
118
91
97
3
273
7
31
83
70
244
27
138
12
48
12
129
56
18
11
6
78
30
346
116
522
11
86
41
108
25
51
21
23
54
8
21
17
175
273
14
30
68
22
28
6
160
71
95
22
10
20
12
120
67
149
10
84
4
20
74
120
184
38
141
15
27
66
23
190
11
7
63
23
57
37
274
34
9
971
18
23
46
4
52
1
11
52
7
7
14
41
6
202
36
24
30
123
377
48
29
70
171
29
2
38
41
31
90
3
47
19
38
53
27
62
34
26
28
165
495
84
31
8
33
52
37
147
3
49
7
147
34
64
52
40
142
64
54
144
3
20
35
15
75
85
9
13
221
61
68
111
96
56
6
45
10
10
10
9
39
21
185
10
10
5
2
154
317
33
39
399
119
17
7
21
53
47
16
30
20
21
2
22
97
48
16
304
93
230
67
74
4
39
3
319
31
65
9
236
300
20
15
50
11
313
74
33
11
25
130
14
40
19
15
14
47
62
35
68
303
10
17
633
95
44
60
12
74
22
12
12
106
55
83
44
46
655
4
180
127
9
39
2
5
50
13
175
13
42
20
36
51
64
75
247
1
5
9
341
81
3
28
173
24
602
9
56
9
11
139
33
149
58
14
1
34
42
42
13
18
136
39
9
14
20
38
86
17
9
12
3
22
43
52
21
9
11
1121
3
19
42
23
26
176
118
12
1
514
142
12
3
11
81
6
8
96
14
20
140
14
25
56
43
23
132
174
2
8
41
14
36
3
70
165
14
39
26
136
89
219
70
18
30
142
202
50
241
12
49
28
9
40
127
1
26
8
3
26
78
5
18
48
19
51
37
28
36
23
45
180
356
44
19
55
9
16
491
3
92
6
16
26
20
18
114
71
0
7
94
31
1
125
21
348
99
4
152
42
3
121
13
2
103
55
138
12
4
66
14
26
143
73
4
192
45
57
6
26
15
19
13
16
9
2
55
44
25
1
1674
116
37
15
56
27
11
28
23
15
30
34
18
44
37
262
62
58
92
28
8
41
30
6
12
6
17
428
10
175
22
7
10
10
21
421
5
64
23
86
134
111
25
67
90
6
61
3
117
12
50
96
34
34
2
28
14
84
27
4
1
2
29
7
13
184
37
55
49
19
8
45
38
70
50
10
61
16
135
81
203
27
18
13
74
25
5
47
32
133
310
9
65
86
31
32
41
22
74
121
13
13
3
16
13
62
71
23
8
155
13
8
77
2
6
8
99
4
69
109
26
6
9
6
13
12
10
8
63
274
3
40
9
11
167
49
15
17
49
94
68
264
35
71
1
155
8
99
20
12
7
58
65
12
135
13
16
19
104
50
13
24
47
33
280
6
5
21
211
108
766
204
8
258
10
23
249
24
76
106
19
2
26
199
11
270
12
49
16
17
380
978
19
14
12
6
55
6
10
19
51
59
114
15
114
68
12
32
221
27
78
24
6
29
9
1109
194
20
131
86
71
7
130
54
34
11
112
30
38
116
78
9
16
33
15
6
195
1
66
7
5
45
1
37
58
23
59
42
55
18
23
23
4
3
184
10
4
115
77
10
13
14
56
65
147
73
110
8
14
55
32
18
8
8
13
404
16
15
17
199
296
125
34
57
18
22
19
41
142
1
229
54
29
211
6
131
39
65
81
12
18
12
26
15
38
23
46
21
32
9
45
154
25
8
440
226
5
6
16
53
22
10
263
22
261
82
37
91
57
28
9
4
21
19
16
1
66
6
67
174
45
43
41
17
37
17
91
151
26
6
141
59
73
1
201
13
21
95
15
372
122
19
97
259
52
108
3
8
114
24
31
62
120
7
51
88
5
72
110
24
237
99
47
73
291
204
789
37
185
24
36
62
105
221
39
85
49
36
28
20
105
3
46
16
10
2
20
29
26
103
82
13
121
32
26
7
9
5
8
42
146
26
217
391
3
12
18
77
30
8
44
13
48
322
51
29
188
32
175
6
4
19
8
7
436
132
28
153
48
235
12
56
232
14
64
26
1
14
53
3
25
57
155
209
34
192
43
19
95
27
87
24
13
9
60
9
9
150
35
77
283
24
10
8
49
140
72
457
44
20
1
27
6
53
9
21
18
32
65
1
7
6
2
3
27
7
17
80
6
8
13
370
13
75
19
193
3
1
75
42
23
70
10
131
111
57
17
163
18
20
7
149
13
2
200
7
59
246
423
367
19
18
4
1
63
179
24
38
57
13
63
15
171
4
3
307
218
44
73
82
103
3
14
252
10
112
34
25
15
3
46
54
591
4
6
48
64
30
62
210
276
24
181
16
48
41
161
36
187
43
8
27
44
26
136
381
294
65
33
10
4
26
8
21
158
13
123
14
22
57
147
11
128
53
24
117
37
11
58
18
4
38
189
24
1
12
23
3
145
5
140
69
180
3
120
60
674
23
30
36
430
5
19
7
26
302
23
11
72
173
179
21
83
6
10
3
35
282
14
86
16
28
17
58
2
20
22
9
17
33
8
37
21
89
11
18
56
1183
24
175
20
10
22
38
11
29
69
98
9
40
39
20
19
37
38
70
97
75
15
77
69
13
31
97
13
50
137
149
16
7
12
6
67
106
59
11
13
35
36
29
34
117
18
136
26
242
32
10
30
6
2
5
55
23
9
18
4
37
7
250
77
67
81
14
37
1
217
51
4
4
377
29
65
47
234
23
42
35
40
2
346
5
40
81
26
9
26
16
57
22
37
51
116
58
48
8
102
56
72
7
213
264
6
13
85
119
38
1
12
87
13
16
323
53
36
244
207
66
181
13
8
2
50
1
15
153
9
674
81
307
16
1262
25
28
15
98
26
1
34
8
165
12
10
553
21
39
40
36
157
28
26
1
0
43
64
20
53
56
13
15
399
10
50
5
39
27
7
87
81
48
69
91
47
14
148
13
34
6
77
53
49
111
59
92
272
10
200
214
136
31
45
32
102
109
22
87
329
18
113
8
20
8
60
92
186
2
408
22
411
25
57
286
22
36
55
170
27
592
21
10
40
32
54
46
19
103
22
56
72
3
9
64
71
55
54
22
29
31
36
169
28
165
143
86
22
22
66
6
16
56
33
3
32
4
184
5
18
64
14
29
116
16
33
31
4
55
3
15
20
18
22
9
105
79
49
280
8
15
179
22
20
10
76
8
71
42
37
7
33
4
76
15
13
10
26
67
17
58
20
52
36
59
12
1
55
863
102
27
136
84
13
31
14
41
2
32
41
5
32
34
20
20
48
23
3
81
97
3
27
420
56
43
42
46
104
45
15
77
63
27
28
9
27
7
211
146
36
78
12
10
22
58
12
29
33
83
380
64
52
8
86
206
36
5
17
42
24
42
6
9
42
53
33
50
4
24
37
32
144
156
58
375
20
32
25
67
55
19
537
100
21
76
48
95
10
10
8
238
17
93
86
10
22
114
17
725
109
31
100
120
8
20
6
9
15
53
46
29
56
0
1
153
90
38
185
142
31
35
334
87
19
14
9
9
31
46
144
73
206
77
7
385
112
28
139
47
352
13
2
26
15
4
44
373
78
6
85
2
5
19
3
45
12
32
90
10
10
5
62
4
453
48
116
151
29
142
294
29
72
2
299
56
12
38
18
8
55
66
117
20
8
13
10
47
127
26
15
8
315
16
17
354
140
5
8
21
71
23
11
21
6
169
2
36
33
18
45
51
10
1
12
62
36
177
13
9
51
39
122
44
25
11
12
40
57
146
39
26
5
19
10
250
30
91
19
4
120
15
12
38
584
20
10
79
85
97
39
4
15
27
997
18
232
187
281
10
1216
107
39
173
1025
76
32
26
309
69
11
177
23
577
20
102
4
7
31
94
67
14
28
15
42
120
38
3
268
5
10
4
48
60
161
32
276
39
58
92
245
185
83
64
15
1
40
79
8
155
112
61
50
55
33
29
10
25
117
1
58
60
18
13
32
138
93
36
46
8
947
108
67
19
8
13
29
2569
81
80
5
1
52
8
60
10
15
10
18
56
55
33
6
103
1
18
120
6
22
49
187
23
88
18
4
78
16
45
32
82
69
30
3
19
150
164
47
20
68
98
41
28
243
36
316
29
1
42
400
46
175
91
46
70
67
118
161
278
66
63
1
32
21
38
38
101
1
247
2
10
27
3
142
4
5
124
10
14
49
50
20
119
15
221
113
1
4
19
232
11
42
51
302
4
60
38
7
142
215
22
28
40
17
67
15
92
5
20
12
326
61
4
54
16
8
76
13
29
56
570
276
3
65
44
52
67
64
20
44
450
10
34
16
5
71
32
5
61
86
582
23
143
4
8
19
184
28
13
48
42
9
37
36
60
82
75
42
8
33
3
86
45
2
19
11
67
17
30
5
11
22
120
10
17
64
13
7
9
97
16
165
19
20
5
276
10
226
26
74
28
38
4
117
195
21
106
49
5
73
57
1
18
44
69
11
306
22
12
39
72
6
391
23
194
429
14
45
55
15
5
17
4
14
191
137
73
76
7
82
175
192
41
114
3
12
149
22
22
16
104
53
119
236
26
2488
48
19
47
6
45
46
3
93
19
76
85
15
30
40
81
12
72
42
46
141
34
13
110
48
25
84
21
122
58
8
166
6
14
25
17
279
16
85
15
18
13
561
49
230
72
21
26
1
173
23
13
11
54
531
11
2
7
91
8
12
4
3
387
2
31
21
34
12
6
19
173
245
66
2
9
4
1
14
8
28
17
176
35
36
36
1
52
7
5
18
50
45
85
166
29
66
60
58
37
181
13
54
60
51
52
82
27
638
18
255
75
11
47
105
7
27
30
39
488
122
148
97
35
14
59
103
40
22
29
104
60
16
27
125
15
5
30
13
101
38
24
11
139
4
9
9
162
18
242
17
76
132
277
43
253
3
26
359
383
10
22
203
17
29
6
2
111
205
12
34
15
1
13
20
75
21
14
25
18
43
112
13
258
112
30
5
18
21
44
1
272
46
161
28
77
41
46
9
15
97
21
24
27
18
21
155
51
17
45
7
177
25
162
123
4
30
63
89
2
20
12
29
2
22
20
14
40
60
31
10
173
38
76
325
453
49
11
38
71
36
227
391
65
116
20
26
53
121
44
8
37
34
76
30
35
9
9
403
16
72
26
36
46
27
16
5
106
33
16
15
90
35
61
7
16
77
49
6
213
15
16
58
83
3
16
40
11
344
79
21
5
23
74
35
12
255
50
14
20
25
9
137
80
10
1
20
139
6
145
30
1
18
116
98
15
67
190
67
1
82
18
6
86
89
23
17
43
34
70
4
59
71
57
24
84
131
47
1
15
165
26
145
1
422
318
17
22
38
35
28
207
4
74
226
15
29
60
31
19
88
21
135
59
21
31
25
42
132
24
68
104
171
42
53
21
14
2
23
5
35
55
22
85
20
25
3
162
13
36
9
498
34
302
206
73
26
64
52
441
136
630
36
68
27
1551
7
761
6
24
61
120
28
10
733
16
361
20
55
11
99
74
5
17
17
126
236
39
18
66
26
75
122
56
67
240
89
46
58
175
53
14
9
34
3
47
179
8
8
510
3
51
161
2
5
8
42
155
51
44
5
42
9
61
74
39
8
116
154
3
203
13
14
54
39
4
83
3
135
21
273
25
21
224
33
88
4
101
55
7
178
34
140
1
51
8
12
20
12
11
38
164
55
201
36
1
70
25
7
1
30
6
58
63
67
72
38
18
18
8
25
10
25
316
73
11
145
7
134
18
96
258
2
10
43
58
126
93
27
11
45
206
6
167
164
19
50
38
5
40
6
5
29
11
25
4
52
166
101
102
30
29
59
130
89
72
14
3
21
5
25
25
98
46
29
197
112
87
10
127
12
14
4
53
53
28
5
70
8
14
49
25
4
101
27
7
75
1
1
121
293
13
38
9
81
19
40
60
84
12
54
19
72
19
235
22
320
2
42
12
26
15
14
3
75
4
146
10
138
20
52
36
1
55
21
14
51
124
82
220
101
30
166
184
23
25
18
71
43
52
13
7
26
73
113
56
8
117
26
15
56
10
9
4
41
18
21
6
37
12
7
17
12
114
26
3
27
36
33
11
90
54
63
96
183
31
23
1
14
488
19
25
143
6
298
164
209
22
198
139
28
202
97
14
7
218
25
12
171
168
55
221
11
151
2
31
634
1
16
38
35
85
17
35
20
41
8
125
39
17
40
43
202
74
11
11
8
42
82
62
132
16
73
22
37
8
14
95
39
6
227
29
93
101
57
48
59
223
18
104
92
15
135
153
12
39
27
14
46
21
8
237
560
18
250
8
45
21
42
80
108
65
23
80
2
8
3
4
73
37
9
72
13
50
4
47
156
101
40
83
52
111
10
5
11
165
11
19
100
48
82
166
50
75
12
13
132
3
28
16
318
156
12
14
127
0
5
3
2
34
17
11
28
19
1
44
3
6
126
76
115
20
5
77
3
18
20
28
19
38
30
64
13
17
169
12
87
18
123
46
41
30
65
22
52
12
16
11
8
118
231
9
23
54
120
49
76
18
11
112
42
171
149
62
44
80
23
56
8
55
67
242
8
367
35
59
33
7
35
442
8
17
16
169
72
100
192
20
22
31
59
98
123
21
11
34
26
13
5
29
7
285
24
12
10
13
18
15
12
2
67
75
105
119
24
174
9
6
24
111
56
25
225
1
12
14
25
43
9
28
22
64
185
435
15
16
38
205
17
53
49
31
144
307
26
14
60
101
137
54
7
12
8
11
68
2
12
51
1
6
65
131
21
9
30
35
79
10
14
39
5
84
18
47
122
98
21
23
175
328
60
21
41
49
65
23
3
14
287
45
7
51
215
53
16
546
15
65
48
14
90
6
63
10
14
8
177
18
16
292
265
135
21
18
184
107
63
3
8
23
28
240
283
106
18
17
520
78
12
328
31
18
182
23
58
5
34
27
131
3
116
86
33
104
102
23
193
32
45
10
10
35
9
112
31
157
81
24
177
12
30
1
82
46
108
79
43
414
179
2
12
12
117
202
34
30
8
7
10
18
95
184
15
26
1
117
42
72
80
301
23
3
20
37
30
168
49
101
94
62
16
68
75
1
37
13
285
68
11
10
59
12
270
20
805
87
104
23
12
57
307
4
101
111
521
9
27
55
58
13
101
15
14
217
46
24
15
23
46
86
18
89
129
9
65
403
1
18
25
35
16
105
15
48
6
207
143
161
163
256
12
8
97
16
8
46
22
123
7
117
13
91
7
58
37
49
16
29
39
10
163
4
75
28
22
339
32
136
77
14
15
1
23
391
386
4
134
207
49
1
515
57
3
53
57
18
31
34
3
49
101
60
12
187
95
74
46
146
249
75
69
53
15
75
23
7
3
19
4
18
13
75
1
28
312
3
22
148
46
596
6
33
40
9
65
53
8
12
142
10
138
21
16
53
10
2
6
30
10
28
6
5
8
1
129
21
235
46
31
197
72
41
8
125
149
48
11
72
385
13
24
61
133
23
52
14
7
52
277
50
10
240
0
40
70
7
21
79
16
790
13
44
103
62
19
13
47
4
74
9
36
5
25
213
165
162
210
107
28
31
28
13
354
160
34
65
157
14
11
2
47
30
12
51
3
89
43
15
58
5
21
61
171
23
54
5
145
1
204
145
198
5
9
33
4
92
24
12
30
59
98
28
24
104
733
151
46
22
86
24
6
9
98
36
45
32
19
3
145
202
35
28
79
28
10
190
62
80
23
5
38
25
33
14
64
75
23
13
32
60
4
129
3
103
181
129
107
83
1
125
18
14
138
366
7
21
77
12
16
14
55
113
24
13
1
105
40
5
39
80
3
229
1
15
131
103
132
29
10
91
35
54
55
20
78
57
29
19
12
150
233
21
44
33
25
212
13
13
17
11
4
3
49
76
20
13
14
126
5
46
67
137
15
265
9
16
2
57
21
33
29
92
255
61
10
5
19
13
83
11
4
13
87
7
68
784
63
7
3
22
7
48
1
51
54
155
217
48
100
19
18
52
14
22
7
555
135
95
23
42
38
31
34
104
21
5
129
18
385
21
22
6
24
8
17
11
78
56
18
17
20
34
12
9
6
25
1
17
4
11
48
189
54
79
52
1
34
93
27
26
97
40
24
26
347
348
67
66
15
104
28
120
24
128
27
6
92
21
9
19
26
12
15
5
20
77
56
169
53
268
230
99
2
151
63
59
228
280
110
43
4
4
26
6
43
21
362
70
36
7
24
254
7
55
79
192
11
91
3
43
9
2
209
242
4
28
46
78
298
91
24
32
42
50
50
29
53
11
153
226
135
11
67
105
23
24
6
98
2
42
128
41
114
1
30
59
6
23
45
228
40
39
22
45
1
29
65
1
19
9
359
41
42
11
36
8
25
56
45
14
27
60
46
17
95
15
11
120
104
13
13
56
15
35
19
6
16
63
11
13
16
145
26
82
21
5
21
82
85
102
12
18
43
29
269
51
571
3
17
57
30
37
28
31
24
342
111
184
46
10
33
464
23
134
20
37
28
2
8
5
96
46
42
99
21
26
3
2
158
34
161
59
25
2
39
21
21
16
4
42
57
23
53
104
103
63
17
375
8
70
160
114
228
21
12
17
36
4
14
11
15
60
24
43
20
14
14
4
3
28
557
12
57
53
57
16
8
76
1
8
20
105
32
29
14
8
4
7
52
0
226
143
232
55
179
29
18
20
62
18
134
18
7
20
84
44
1
12
46
13
61
20
53
82
74
10
12
30
207
70
5
7
3
12
18
164
111
0
62
174
3
14
323
94
39
97
11
31
54
11
11
0
131
33
102
1
9
47
6
71
74
61
38
95
18
3
15
9
308
87
17
21
3
9
43
103
4
16
9
47
27
51
32
39
92
17
20
35
1719
222
65
5
15
125
26
38
28
19
24
188
85
37
39
19
36
57
159
127
74
13
6
82
11
6
53
142
145
234
28
51
88
5
54
54
85
31
49
7
7
341
16
18
47
7
63
26
25
20
306
96
12
2
53
58
35
16
20
15
2
100
5
90
16
117
281
1
86
34
105
68
42
9
71
90
23
164
25
33
130
46
111
12
17
19
440
1
7
59
853
14
10
57
12
9
23
9
73
242
266
15
15
13
3
81
37
37
3
11
142
39
2
40
22
243
32
5
106
11
9
17
77
399
51
75
13
11
96
17
24
41
3
60
83
29
189
4
113
145
3
11
20
23
96
59
269
16
7
12
19
13
58
64
15
61
65
182
17
55
19
10
37
10
124
43
106
2
75
1
47
34
9
89
17
10
56
50
198
32
360
29
3
1
67
309
26
9
63
38
18
17
1
3
26
45
35
3
9
7
16
10
3
55
34
27
42
111
3
12
30
601
107
303
6
134
101
19
5
54
28
14
54
9
110
25
53
7
42
21
58
39
158
7
6
18
2
48
15
27
160
105
30
30
10
24
20
222
67
32
470
6
167
150
27
49
103
34
5
31
45
12
59
52
34
243
191
18
14
20
15
118
44
138
185
3
228
101
2
21
49
32
29
1
116
19
20
152
10
50
129
120
159
17
12
89
16
6
2
13
613
10
102
12
124
44
77
112
46
98
100
180
8
60
74
40
89
46
29
28
75
5
11
38
19
28
1
60
179
1
14
67
42
157
27
15
377
16
12
97
52
15
6
434
75
42
6
30
3
18
7
25
45
282
11
47
156
343
24
3
10
16
37
110
191
246
8
51
60
15
23
62
203
184
36
10
71
24
19
1
65
8
6
46
27
13
5
26
34
8
26
35
47
23
176
410
18
16
95
86
165
9
18
123
13
1
88
35
18
58
26
237
47
96
12
110
36
3
116
81
308
138
51
33
110
14
81
69
20
14
21
2
74
40
362
32
107
46
21
4
18
22
18
32
67
12
36
15
28
5
22
207
11
15
65
1
4
72
23
84
186
79
33
211
15
76
29
15
8
137
1
25
82
5
265
4
54
45
56
4
527
36
51
27
28
10
17
68
48
16
1
3
912
16
130
19
35
84
42
10
336
11
135
9
15
59
5
24
20
2
43
31
10
45
96
9
21
55
3
1
9
126
112
65
44
40
10
5
53
20
37
30
130
8
115
226
158
10
14
19
12
10
20
99
40
46
11
14
17
7
7
95
32
2
66
125
1
64
6
8
9
37
21
14
83
14
23
34
46
12
13
82
134
143
18
26
19
71
13
46
154
17
18
274
11
165
333
32
2
342
29
1
16
50
46
20
18
38
62
93
39
46
4
39
35
70
98
70
58
53
101
24
181
9
1
12
175
92
35
5
336
68
14
50
39
231
16
20
5
82
326
53
34
4
98
70
57
1044
13
124
81
157
34
80
4
80
35
67
54
221
10
38
33
61
183
163
13
6
15
55
32
12
30
49
36
4
16
26
97
45
71
100
15
20
28
9
24
74
46
65
10
11
1
28
13
16
12
69
104
52
30
15
85
22
209
110
268
137
20
40
126
191
5
54
67
212
81
17
187
22
1
17
8
151
137
116
8
61
87
3
57
4
9
3
17
379
5
240
282
56
38
43
22
32
170
110
36
42
49
133
87
119
249
37
1
41
6
27
33
14
35
238
11
9
30
63
5
15
230
118
33
116
23
10
45
69
3
20
13
1
106
125
123
28
46
119
5
47
57
164
65
17
13
17
34
1
6
227
87
75
6
3
19
23
50
55
33
227
4
18
16
35
26
21
42
16
20
70
142
279
51
13
12
318
10
175
321
6
79
340
34
14
428
2
28
25
11
13
22
12
2
26
8
21
9
206
296
90
28
19
65
19
8
53
560
79
21
27
54
12
1
51
3
184
6
32
6
215
322
51
14
15
2
76
6
16
10
31
65
1
38
12
22
167
10
21
16
4
114
16
102
200
67
306
7
22
22
36
9
141
58
4
55
61
42
16
26
3
11
80
30
43
55
32
8
43
62
10
48
82
21
22
214
24
52
41
172
7
6
934
239
836
16
8
137
46
27
42
270
42
17
6
17
62
36
1234
36
24
125
8
63
201
12
62
80
13
145
35
89
24
37
62
28
2
63
8
79
282
73
19
14
272
29
84
32
129
3
93
32
404
44
26
27
12
9
26
17
52
3
19
57
119
67
157
11
212
27
95
2
18
76
17
474
60
10
125
144
51
34
8
1
31
12
32
10
28
4
121
19
11
17
173
47
14
1
154
58
108
3
3
13
219
7
76
109
507
53
3
55
58
12
32
91
21
58
95
113
51
39
132
66
9
14
51
20
3
66
1
239
85
11
59
130
211
261
28
139
15
5
34
16
37
23
53
83
18
69
27
14
37
1
135
31
9
5
12
18
42
22
9
15
410
42
67
64
75
128
14
14
16
67
43
10
25
1
55
8
7
19
156
52
32
17
107
16
170
38
130
15
14
11
36
2
13
364
27
52
13
14
44
111
9
48
9
12
32
33
30
33
103
65
98
79
39
13
34
107
70
65
41
12
37
1
11
57
20
15
13
418
43
31
18
62
2
54
8
8
68
5
244
11
9
9
93
28
15
278
54
154
34
330
22
30
12
9
168
8
169
62
51
98
56
150
202
41
249
31
115
3
24
65
41
12
16
128
28
4
12
14
65
74
4
171
18
4
44
7
4
5
50
111
20
37
7
21
17
21
15
9
667
153
53
42
53
159
6
15
23
176
22
10
22
18
38
97
25
67
67
18
120
1
11
30
34
93
18
3
177
16
19
50
319
86
3
4
149
69
5
2
112
76
51
85
36
40
9
10
83
170
2
5
1
28
14
25
64
94
60
4
19
17
6
15
6
29
20
272
10
11
13
16
38
185
15
12
63
3
3
22
15
125
8
5
27
3
6
178
24
12
4
23
135
28
52
39
2
64
50
6
8
51
23
7
99
4
14
71
85
192
3
282
420
100
26
45
45
527
29
44
86
26
343
59
11
3
28
14
63
34
67
91
16
29
8
4
75
3
6
46
65
50
6
8
19
37
136
55
10
32
143
5
71
9
55
86
97
46
141
54
4
25
80
42
76
158
17
9
12
4
17
22
599
54
13
81
7
17
19
29
9
81
6
26
162
25
23
138
180
32
152
168
25
5
10
108
14
78
114
39
3
100
5
322
131
12
8
24
11
22
12
270
65
40
41
90
5
84
363
16
12
3
99
42
32
22
14
67
10
10
6
19
21
53
427
150
331
19
78
3
16
53
39
5
42
219
84
1
76
8
9
378
7
5
36
161
83
166
54
11
11
39
36
94
12
9
137
10
354
21
7
36
20
27
17
113
1
232
223
15
1
37
11
12
415
48
16
113
8
226
63
27
33
117
20
7
362
47
58
32
6
41
13
109
100
1
85
66
27
15
22
257
102
119
21
21
61
33
211
26
159
20
28
65
32
46
89
11
56
30
22
50
4
2
92
20
93
33
26
24
155
55
78
55
24
26
37
62
139
129
10
39
34
23
112
23
56
31
311
18
44
9
10
125
41
43
28
40
32
787
7
57
3
47
65
8
9
25
14
261
80
22
8
25
184
2
6
201
29
146
26
6
168
206
3
101
214
466
46
28
11
31
35
1
46
135
12
15
228
25
29
54
142
22
92
151
142
10
64
21
72
60
87
68
443
104
2
18
40
22
202
51
13
128
1
130
70
7
27
85
241
38
135
15
12
1
129
26
605
15
38
58
18
79
38
11
36
139
17
53
13
88
140
219
51
66
13
24
113
45
16
228
151
31
57
51
69
166
5
18
408
1
19
259
15
27
16
46
31
1
56
12
117
74
10
29
115
46
52
55
99
172
26
30
9
5
6
6
6
5
491
21
299
7
109
82
63
11
11
10
55
35
23
547
77
2
2
7
22
103
8
25
28
20
34
14
43
13
3
8
109
13
4
26
12
12
49
54
53
24
153
106
48
12
247
1
123
16
6
24
4
56
21
10
54
21
74
23
67
50
14
5
80
36
128
19
38
7
36
42
143
190
1
83
3
130
2
64
4
80
19
60
83
11
187
57
126
12
73
104
133
152
105
206
341
14
28
105
29
14
555
23
13
18
47
12
8
116
19
23
138
942
72
12
24
81
67
77
21
4
104
8
79
34
5
40
43
52
80
13
330
16
27
55
22
16
92
13
6
9
0
44
19
38
386
15
20
92
218
13
1
66
24
1254
34
7
22
195
14
78
15
12
34
67
25
195
25
7
130
77
39
39
262
3
19
1
103
40
22
16
115
25
39
199
79
70
37
107
12
54
1
8
495
1
51
577
68
79
343
139
26
46
156
27
17
44
14
62
8
7
44
41
238
26
80
10
9
28
128
105
64
28
252
34
71
19
68
49
15
178
103
23
36
62
199
1
15
39
165
49
22
35
78
12
8
44
3
246
2
31
8
9
2
6
108
116
265
10
24
174
104
17
9
53
44
23
32
287
548
137
75
2
20
21
27
26
8
18
24
55
1
45
20
59
6
165
225
64
6
1
33
19
15
103
23
9
59
10
103
94
10
45
42
46
29
14
7
30
3
19
18
3
6
213
30
225
119
63
16
31
222
11
48
34
13
169
60
46
215
1
40
103
16
2
246
15
10
18
78
67
328
1
29
40
14
134
60
7
46
95
4
27
19
105
12
427
30
4
53
61
72
11
63
17
15
92
26
13
17
172
67
28
1192
6
49
1
98
21
54
64
71
46
103
94
104
20
17
21
58
22
27
46
2
60
1
19
29
127
24
40
39
41
66
341
1
26
1
243
71
6
55
104
50
62
104
12
78
70
34
117
29
32
9
139
9
21
86
14
9
651
63
2
11
5
3
127
26
46
5
48
25
76
9
40
3
85
7
10
0
108
17
41
128
28
23
17
23
13
48
236
115
14
320
119
16
24
49
7
342
5
27
40
55
137
112
29
18
6
25
7
24
8
4
14
26
4
38
57
42
86
25
106
14
17
152
55
53
3
523
14
70
79
1
1
66
4
11
16
2
10
8
121
47
15
14
117
51
155
153
302
18
104
75
14
21
113
2
33
5
193
13
11
12
14
9
26
4
9
31
163
100
45
7
67
26
5
14
91
26
12
16
38
197
16
46
34
11
70
6
238
21
7
85
393
79
109
213
41
67
57
11
13
6
5
93
88
1
165
184
285
20
41
3
34
36
20
76
9
24
6
114
128
16
129
72
205
378
60
6
86
9
86
546
65
37
301
120
16
26
188
141
27
22
3
74
4
2
12
138
29
7
138
50
68
202
43
12
9
12
48
2
17
37
29
36
36
1
9
9
15
108
311
106
69
8
26
32
32
4
19
38
99
131
84
183
5
37
213
6
44
2
10
158
43
107
41
119
7
153
16
473
62
129
24
1
110
2
43
699
79
101
15
31
11
13
25
19
56
45
46
14
12
23
76
2
26
13
90
3
10
113
15
14
62
1
87
136
2
194
398
12
311
91
33
342
4
19
171
72
30
7
6
216
1
169
24
10
37
9
153
16
60
85
6
503
3
22
195
99
163
120
843
27
5
5
1
82
1479
10
74
69
13
6
16
60
50
1
10
42
247
89
67
13
3
44
40
5
4
17
27
6
17
24
53
7
39
33
67
6
8
9
355
5
126
8
26
12
40
19
8
2
7
9
127
3
56
144
70
19
4
65
11
93
35
22
22
180
18
19
158
32
9
128
72
21
11
85
41
19
115
78
479
18
28
39
79
16
93
87
203
1
42
236
203
7
257
3
11
94
10
55
13
4
429
6
35
12
140
46
44
50
22
60
65
10
57
71
680
12
6
13
55
10
56
77
16
14
149
129
84
26
17
66
44
28
68
22
87
1
28
37
108
19
13
30
26
226
36
91
12
40
15
24
284
201
10
55
14
102
30
5
21
103
3
40
3
11
61
37
5
122
56
21
209
46
15
131
17
21
48
110
298
2
42
33
15
198
16
1
33
290
32
221
72
4
29
33
30
27
2
64
125
29
25
20
71
7
51
725
52
69
142
71
27
17
15
3
11
41
98
316
27
136
80
97
86
22
131
154
18
71
5
56
35
15
11
18
26
6
7
2
222
76
24
20
70
32
28
3
5
102
10
48
141
260
4
1
5
4
8
4
27
41
3
25
10
55
29
47
11
129
3
232
141
10
11
76
22
4
57
63
17
18
1
63
1
107
402
37
27
128
42
25
62
60
19
267
15
6
65
80
230
1
16
2
8
20
75
25
31
43
104
21
121
1
99
5
133
4
46
7
42
58
57
1
9
42
33
2
14
203
91
29
75
80
53
237
8
7
20
141
16
13
68
12
25
343
22
18
24
11
15
179
98
95
15
429
10
37
79
110
21
5
178
78
52
13
372
69
15
119
23
50
36
19
273
88
19
14
74
17
12
85
22
21
9
8
19
55
35
67
44
7
164
70
21
19
88
51
254
30
114
34
3
12
11
28
0
33
157
13
27
8
126
1
250
164
37
6
373
22
108
23
15
1
84
55
31
17
41
26
63
322
94
39
70
1
36
9
10
99
76
2
327
61
716
10
3
37
7
99
184
92
22
102
5
110
663
0
80
14
215
65
62
2
52
20
16
48
8
62
67
38
1
60
57
7
56
23
3
90
86
17
4
477
23
14
67
99
5
63
65
38
19
86
34
926
160
9
3
8
522
16
39
17
35
130
31
31
1
31
17
294
26
66
61
51
79
10
109
29
21
2
62
4
90
16
16
93
121
269
16
120
9
16
188
32
95
28
30
23
6
177
10
11
99
14
405
53
23
306
517
107
89
22
73
3
240
36
67
1
27
145
56
9
18
223
19
167
67
154
28
115
3
5
14
76
34
20
131
18
8
11
34
59
12
55
71
109
28
30
36
8
725
61
150
94
47
56
21
7
33
27
100
24
47
20
54
71
44
24
46
23
107
24
14
55
1
400
68
5
9
18
150
36
88
55
140
31
121
200
9
15
38
42
82
10
11
54
28
13
130
23
66
62
26
17
28
58
9
20
1
22
67
52
1
198
18
136
45
38
95
131
6
11
8
49
