3.6
Executability                            : True
Reproducibility                          : number of matched cells: 0 ; number of cells: 6
Reproducibility                          : matched ratio: 0.0 ; index of matched cells: []
-------------------------------------------
Source Code of a Unmatched Cell 0
-------------------------------------------
import pandas as pd
# Atribuir o nome da planilha para a variável "arquivo"
arquivo = 'basedados.xlsx'
# Carregar a base de dados para um objeto pandas.io.excel.ExcelFile
excel = pd.ExcelFile(arquivo)
# Imprimir o nome das planilhas
print(excel.sheet_names)
# Carregar a planilha excel para um objeto dataframe
dados = excel.parse(0)
# Imprimir o dataframe
dados

-----------------
Original output:
['MegaSena']
      Concurso Data Sorteio  Dezena1  Dezena2  Dezena3  Dezena4  Dezena5  \
0            1   1996-03-11       41        5        4       52       30   
1            2   1996-03-18        9       39       37       49       43   
2            3   1996-03-25       36       30       10       11       29   
3            4   1996-04-01        6       59       42       27        1   
4            5   1996-04-08        1       19       46        6       16   
5            6   1996-04-15       19       40        7       13       22   
6            7   1996-04-22       56       38       21       20        3   
7            8   1996-04-29       53       17       38        4       47   
8            9   1996-05-06       55       43       56       54        8   
9           10   1996-05-13       25        4       18       57       21   
10          11   1996-05-20       25       15       58       37       59   
11          12   1996-05-27       20       27       43       16       19   
12          13   1996-06-03       47       32       50       54       18   
13          14   1996-06-10       16        2       27       47       23   
14          15   1996-06-17       60       12       33       52       35   
15          16   1996-06-24       60       58       49       32       20   
16          17   1996-07-01       10       20        6       19       51   
17          18   1996-07-08       37       36       56       27       42   
18          19   1996-07-15        5       25       12       10       60   
19          20   1996-07-22       25       28       30       33       51   
20          21   1996-07-29       49       46        6       53       33   
21          22   1996-08-05        9       38       56        1       31   
22          23   1996-08-12       17       52       51       59       39   
23          24   1996-08-19        1        8       14       28       33   
24          25   1996-08-25       56       50       55       54       24   
25          26   1996-09-01       50       53       57       10       58   
26          27   1996-09-08       44       33       13       51       17   
27          28   1996-09-15       60        6       22        3       24   
28          29   1996-09-22       14       56       58        8       43   
29          30   1996-09-29       38       50        7       29       15   
...        ...          ...      ...      ...      ...      ...      ...   
1995      1996   2017-12-13       56       21       20        7       40   
1996      1997   2017-12-16       14        7       35        1       31   
1997      1998   2017-12-19       57       21       24       52       25   
1998      1999   2017-12-21       42       38       49       15       50   
1999      2000   2017-12-31        6       37       34       10        3   
2000      2001   2018-01-03       22       20       52       60       42   
2001      2002   2018-01-06       59       46       28       38        4   
2002      2003   2018-01-10       40       50       43       28       51   
2003      2004   2018-01-13       45       35        1       23        5   
2004      2005   2018-01-17       22       19       33       11       53   
2005      2006   2018-01-20       20        9        1       14       54   
2006      2007   2018-01-24       41       14       54        4       39   
2007      2008   2018-01-27       27       22       58       33       59   
2008      2009   2018-01-31        1       48       50       44       37   
2009      2010   2018-02-03       18       56        8       34       39   
2010      2011   2018-02-06       28       35       58       54        2   
2011      2012   2018-02-08       11       51       36        8       35   
2012      2013   2018-02-10        6       36       53       30       56   
2013      2014   2018-02-14       46       32       16       56       40   
2014      2015   2018-02-17       18       58       32       39       27   
2015      2016   2018-02-21       11       17       48       18        4   
2016      2017   2018-02-24       56       10       11        2       38   
2017      2018   2018-02-28       55       11       27       22       25   
2018      2019   2018-03-03       41       46       54       59       23   
2019      2020   2018-03-07        2       46       57       60       48   
2020      2021   2018-03-10       32       37       40       60        7   
2021      2022   2018-03-14       28       60       52       45        4   
2022      2023   2018-03-17       23       56        8        7        1   
2023      2024   2018-03-21       29       16       20       35       47   
2024      2025   2018-03-24       52       56        4       24       46   

      Dezena6  Arrecadacao_Total  Ganhadores_Sena   Rateio_Sena  \
0          33                0.0                0  0.000000e+00   
1          41                0.0                1  2.307162e+06   
2          47                0.0                2  3.911925e+05   
3           5                0.0                0  0.000000e+00   
4           2                0.0                0  0.000000e+00   
5          47                0.0                0  0.000000e+00   
6           5                0.0                0  0.000000e+00   
7          37                0.0                0  0.000000e+00   
8          60                0.0                0  0.000000e+00   
9          38                0.0                0  0.000000e+00   
10         38                0.0                1  1.559137e+07   
11          4                0.0                0  0.000000e+00   
12         56                0.0                0  0.000000e+00   
13         53                0.0                0  0.000000e+00   
14         51                0.0                0  0.000000e+00   
15         34                0.0                0  0.000000e+00   
16         13                0.0                1  6.789869e+06   
17         23                0.0                0  0.000000e+00   
18         24                0.0                0  0.000000e+00   
19         11                0.0                0  0.000000e+00   
20         36                0.0                0  0.000000e+00   
21         46                0.0                0  0.000000e+00   
22         37                0.0                0  0.000000e+00   
23         43                0.0                1  1.866168e+07   
24         43                0.0                0  0.000000e+00   
25         22                0.0                0  0.000000e+00   
26         20                0.0                0  0.000000e+00   
27         54                0.0                0  0.000000e+00   
28          3                0.0                1  5.401794e+06   
29         14                0.0                0  0.000000e+00   
...       ...                ...              ...           ...   
1995       24         48458620.0                0  0.000000e+00   
1996       46         54280324.0                0  0.000000e+00   
1997        8         38499475.0                0  0.000000e+00   
1998       37         50491038.5                0  0.000000e+00   
1999       17        890947368.5               17  1.804228e+07   
2000       36         17710070.0                0  0.000000e+00   
2001       30         28829944.5                0  0.000000e+00   
2002       34         30509412.5                0  0.000000e+00   
2003       14         38638484.5                3  4.095573e+06   
2004       34         32721132.5                0  0.000000e+00   
2005       25         38569461.0                0  0.000000e+00   
2006       58         38825178.0                0  0.000000e+00   
2007       42         43671250.0                0  0.000000e+00   
2008       46         47352865.0                0  0.000000e+00   
2009       10         61968606.0                0  0.000000e+00   
2010       32         43455856.5                0  0.000000e+00   
2011       27         60329097.5                0  0.000000e+00   
2012       23         69104360.5                0  0.000000e+00   
2013       53         52356503.5                0  0.000000e+00   
2014       17        116332797.0                1  1.045458e+08   
2015       21         26614714.0                0  0.000000e+00   
2016       24         34810982.5                0  0.000000e+00   
2017       59         37486974.0                0  0.000000e+00   
2018       52         45790930.5                0  0.000000e+00   
2019       36         53716386.5                0  0.000000e+00   
2020       14         61453154.0                0  0.000000e+00   
2021       48         64651783.0                0  0.000000e+00   
2022        6         73781900.5                2  2.986436e+07   
2023       23         25175416.0                0  0.000000e+00   
2024       55         43865881.5                0  0.000000e+00   

      Ganhadores_Quina  Rateio_Quina  Ganhadores_Quadra  Rateio_Quadra  \
0                   17      39158.92               2016         330.21   
1                   65      14424.02               4488         208.91   
2                   62      10515.93               4261         153.01   
3                   39      15322.24               3311         180.48   
4                   98       5318.10               5399          96.53   
5                  109       7214.66               7147         110.03   
6                  100       8746.05               5736         152.48   
7                   60      16084.11               5262         183.40   
8                   17      60043.79               2175         469.31   
9                  251       6638.45              12590         132.35   
10                 148      12706.05               9442         199.16   
11                 108       6791.17               6454         113.64   
12                  43      20543.98               2934         301.09   
13                  85      10458.19               5323         167.00   
14                  57      17919.89               3931         259.84   
15                  31      33307.13               3250         317.70   
16                 144       7628.37               9376         117.16   
17                  52      13763.52               4484         159.61   
18                 159       5380.14               9250          92.48   
19                  72      15486.97               5728         194.67   
20                  63      17694.19               5030         221.62   
21                  47      27212.90               4865         262.90   
22                  74      20198.46               4897         305.23   
23                 227       7897.31              13486         132.93   
24                  28      26338.50               2741         269.06   
25                  16      52473.74               1823         460.55   
26                  99       9306.24               6466         142.49   
27                  50      19749.22               4895         201.73   
28                  44      23083.15               5248         193.53   
29                  80      11347.74               5885         154.26   
...                ...           ...                ...            ...   
1995               144      19401.81               4933         809.08   
1996                86      36389.62               6280         711.89   
1997                61      36388.03               4810         659.24   
1998                73      39877.23               4434         937.89   
1999              4862      10565.03             173428         423.12   
2000                12      85088.83               1214        1201.53   
2001                24      69257.39               2214        1072.51   
2002                16     109937.90               1865        1347.38   
2003                79      28198.54               6444         493.85   
2004                44      42875.50               4052         665.11   
2005                71      31319.78               5500         577.58   
2006                42      53296.38               3340         957.42   
2007                49      51384.62               4215         853.36   
2008                46      59350.17               3665        1064.16   
2009               106      33705.40               7436         686.38   
2010               119      21054.02               5949         601.64   
2011               107      32506.98               6828         727.72   
2012               159      25057.74               8465         672.37   
2013                46      65621.53               4140        1041.61   
2014               130      51593.19              12558         762.98   
2015                64      23975.93               4543         482.51   
2016               123      16317.17               6125         468.10   
2017                83      26039.70               4661         662.42   
2018                54      48889.92               4043         932.84   
2019                46      67325.96               4530         976.66   
2020               101      35079.74               6982         724.93   
2021                79      47183.15               6343         839.50   
2022               217      19603.05              13622         446.11   
2023                45      32255.05               3221         643.75   
2024                53      47718.26               3730         968.62   

     Acumulado  Valor_Acumulado  Estimativa_Prêmio  
0          SIM     1.714650e+06                  0  
1          NÃO     0.000000e+00                  0  
2          NÃO     0.000000e+00                  0  
3          SIM     7.170808e+05                  0  
4          SIM     1.342489e+06                  0  
5          SIM     2.286166e+06                  0  
6          SIM     3.335692e+06                  0  
7          SIM     4.493748e+06                  0  
8          SIM     5.718641e+06                  0  
9          SIM     1.333477e+07                  0  
10         NÃO     0.000000e+00                  0  
11         SIM     8.801362e+05                  0  
12         SIM     1.940205e+06                  0  
13         SIM     3.006941e+06                  0  
14         SIM     4.232661e+06                  0  
15         SIM     5.471687e+06                  0  
16         NÃO     0.000000e+00                  0  
17         SIM     8.588435e+05                  0  
18         SIM     1.050627e+07                  0  
19         SIM     1.184434e+07                  0  
20         SIM     1.318202e+07                  0  
21         SIM     1.471683e+07                  0  
22         SIM     1.651045e+07                  0  
23         NÃO     0.000000e+00                  0  
24         SIM     8.849735e+05                  0  
25         SIM     1.892469e+06                  0  
26         SIM     2.998051e+06                  0  
27         SIM     4.183003e+06                  0  
28         NÃO     0.000000e+00                  0  
29         SIM     1.012752e+07                  0  
...        ...              ...                ...  
1995       SIM     3.312983e+07           39000000  
1996       SIM     3.889471e+07           43500000  
1997       SIM     4.298357e+07           48000000  
1998       SIM     1.390996e+08          280000000  
1999       NÃO     0.000000e+00            2000000  
2000       SIM     1.880911e+06            4500000  
2001       SIM     4.942817e+06            8500000  
2002       SIM     8.183091e+06           12000000  
2003       NÃO     0.000000e+00           12000000  
2004       SIM     1.119825e+07           15000000  
2005       SIM     1.529455e+07           20000000  
2006       SIM     1.941801e+07           24000000  
2007       SIM     2.405615e+07           30000000  
2008       SIM     4.251297e+07           48000000  
2009       SIM     4.909439e+07           56000000  
2010       SIM     5.370965e+07           59000000  
2011       SIM     6.011695e+07           70000000  
2012       SIM     6.745623e+07           71000000  
2013       SIM     9.219062e+07          100000000  
2014       NÃO     0.000000e+00            3000000  
2015       SIM     2.826635e+06            6200000  
2016       SIM     6.523762e+06           11000000  
2017       SIM     1.050509e+07           15000000  
2018       SIM     3.279459e+07           40000000  
2019       SIM     3.849958e+07           45000000  
2020       SIM     4.502626e+07           52000000  
2021       SIM     5.189265e+07           60000000  
2022       NÃO     0.000000e+00            3000000  
2023       SIM     2.128445e+07           25000000  
2024       SIM     2.594326e+07           30000000  

[2025 rows x 18 columns]
Executed output:
['MegaSena']
      Unnamed: 0  Concurso Data Sorteio  Dezena1  Dezena2  Dezena3  Dezena4  \
0              0         1   1996-03-11       41        5        4       52   
1              1         2   1996-03-18        9       39       37       49   
2              2         3   1996-03-25       36       30       10       11   
3              3         4   1996-04-01        6       59       42       27   
4              4         5   1996-04-08        1       19       46        6   
5              5         6   1996-04-15       19       40        7       13   
6              6         7   1996-04-22       56       38       21       20   
7              7         8   1996-04-29       53       17       38        4   
8              8         9   1996-05-06       55       43       56       54   
9              9        10   1996-05-13       25        4       18       57   
10            10        11   1996-05-20       25       15       58       37   
11            11        12   1996-05-27       20       27       43       16   
12            12        13   1996-06-03       47       32       50       54   
13            13        14   1996-06-10       16        2       27       47   
14            14        15   1996-06-17       60       12       33       52   
15            15        16   1996-06-24       60       58       49       32   
16            16        17   1996-07-01       10       20        6       19   
17            17        18   1996-07-08       37       36       56       27   
18            18        19   1996-07-15        5       25       12       10   
19            19        20   1996-07-22       25       28       30       33   
20            20        21   1996-07-29       49       46        6       53   
21            21        22   1996-08-05        9       38       56        1   
22            22        23   1996-08-12       17       52       51       59   
23            23        24   1996-08-19        1        8       14       28   
24            24        25   1996-08-25       56       50       55       54   
25            25        26   1996-09-01       50       53       57       10   
26            26        27   1996-09-08       44       33       13       51   
27            27        28   1996-09-15       60        6       22        3   
28            28        29   1996-09-22       14       56       58        8   
29            29        30   1996-09-29       38       50        7       29   
...          ...       ...          ...      ...      ...      ...      ...   
1995        1995      1996   2017-12-13       56       21       20        7   
1996        1996      1997   2017-12-16       14        7       35        1   
1997        1997      1998   2017-12-19       57       21       24       52   
1998        1998      1999   2017-12-21       42       38       49       15   
1999        1999      2000   2017-12-31        6       37       34       10   
2000        2000      2001   2018-01-03       22       20       52       60   
2001        2001      2002   2018-01-06       59       46       28       38   
2002        2002      2003   2018-01-10       40       50       43       28   
2003        2003      2004   2018-01-13       45       35        1       23   
2004        2004      2005   2018-01-17       22       19       33       11   
2005        2005      2006   2018-01-20       20        9        1       14   
2006        2006      2007   2018-01-24       41       14       54        4   
2007        2007      2008   2018-01-27       27       22       58       33   
2008        2008      2009   2018-01-31        1       48       50       44   
2009        2009      2010   2018-02-03       18       56        8       34   
2010        2010      2011   2018-02-06       28       35       58       54   
2011        2011      2012   2018-02-08       11       51       36        8   
2012        2012      2013   2018-02-10        6       36       53       30   
2013        2013      2014   2018-02-14       46       32       16       56   
2014        2014      2015   2018-02-17       18       58       32       39   
2015        2015      2016   2018-02-21       11       17       48       18   
2016        2016      2017   2018-02-24       56       10       11        2   
2017        2017      2018   2018-02-28       55       11       27       22   
2018        2018      2019   2018-03-03       41       46       54       59   
2019        2019      2020   2018-03-07        2       46       57       60   
2020        2020      2021   2018-03-10       32       37       40       60   
2021        2021      2022   2018-03-14       28       60       52       45   
2022        2022      2023   2018-03-17       23       56        8        7   
2023        2023      2024   2018-03-21       29       16       20       35   
2024        2024      2025   2018-03-24       52       56        4       24   

      Dezena5  Dezena6  Arrecadacao_Total  Ganhadores_Sena   Rateio_Sena  \
0          30       33                0.0                0  0.000000e+00   
1          43       41                0.0                1  2.307162e+06   
2          29       47                0.0                2  3.911925e+05   
3           1        5                0.0                0  0.000000e+00   
4          16        2                0.0                0  0.000000e+00   
5          22       47                0.0                0  0.000000e+00   
6           3        5                0.0                0  0.000000e+00   
7          47       37                0.0                0  0.000000e+00   
8           8       60                0.0                0  0.000000e+00   
9          21       38                0.0                0  0.000000e+00   
10         59       38                0.0                1  1.559137e+07   
11         19        4                0.0                0  0.000000e+00   
12         18       56                0.0                0  0.000000e+00   
13         23       53                0.0                0  0.000000e+00   
14         35       51                0.0                0  0.000000e+00   
15         20       34                0.0                0  0.000000e+00   
16         51       13                0.0                1  6.789869e+06   
17         42       23                0.0                0  0.000000e+00   
18         60       24                0.0                0  0.000000e+00   
19         51       11                0.0                0  0.000000e+00   
20         33       36                0.0                0  0.000000e+00   
21         31       46                0.0                0  0.000000e+00   
22         39       37                0.0                0  0.000000e+00   
23         33       43                0.0                1  1.866168e+07   
24         24       43                0.0                0  0.000000e+00   
25         58       22                0.0                0  0.000000e+00   
26         17       20                0.0                0  0.000000e+00   
27         24       54                0.0                0  0.000000e+00   
28         43        3                0.0                1  5.401794e+06   
29         15       14                0.0                0  0.000000e+00   
...       ...      ...                ...              ...           ...   
1995       40       24         48458620.0                0  0.000000e+00   
1996       31       46         54280324.0                0  0.000000e+00   
1997       25        8         38499475.0                0  0.000000e+00   
1998       50       37         50491038.5                0  0.000000e+00   
1999        3       17        890947368.5               17  1.804228e+07   
2000       42       36         17710070.0                0  0.000000e+00   
2001        4       30         28829944.5                0  0.000000e+00   
2002       51       34         30509412.5                0  0.000000e+00   
2003        5       14         38638484.5                3  4.095573e+06   
2004       53       34         32721132.5                0  0.000000e+00   
2005       54       25         38569461.0                0  0.000000e+00   
2006       39       58         38825178.0                0  0.000000e+00   
2007       59       42         43671250.0                0  0.000000e+00   
2008       37       46         47352865.0                0  0.000000e+00   
2009       39       10         61968606.0                0  0.000000e+00   
2010        2       32         43455856.5                0  0.000000e+00   
2011       35       27         60329097.5                0  0.000000e+00   
2012       56       23         69104360.5                0  0.000000e+00   
2013       40       53         52356503.5                0  0.000000e+00   
2014       27       17        116332797.0                1  1.045458e+08   
2015        4       21         26614714.0                0  0.000000e+00   
2016       38       24         34810982.5                0  0.000000e+00   
2017       25       59         37486974.0                0  0.000000e+00   
2018       23       52         45790930.5                0  0.000000e+00   
2019       48       36         53716386.5                0  0.000000e+00   
2020        7       14         61453154.0                0  0.000000e+00   
2021        4       48         64651783.0                0  0.000000e+00   
2022        1        6         73781900.5                2  2.986436e+07   
2023       47       23         25175416.0                0  0.000000e+00   
2024       46       55         43865881.5                0  0.000000e+00   

      Ganhadores_Quina  Rateio_Quina  Ganhadores_Quadra  Rateio_Quadra  \
0                   17      39158.92               2016         330.21   
1                   65      14424.02               4488         208.91   
2                   62      10515.93               4261         153.01   
3                   39      15322.24               3311         180.48   
4                   98       5318.10               5399          96.53   
5                  109       7214.66               7147         110.03   
6                  100       8746.05               5736         152.48   
7                   60      16084.11               5262         183.40   
8                   17      60043.79               2175         469.31   
9                  251       6638.45              12590         132.35   
10                 148      12706.05               9442         199.16   
11                 108       6791.17               6454         113.64   
12                  43      20543.98               2934         301.09   
13                  85      10458.19               5323         167.00   
14                  57      17919.89               3931         259.84   
15                  31      33307.13               3250         317.70   
16                 144       7628.37               9376         117.16   
17                  52      13763.52               4484         159.61   
18                 159       5380.14               9250          92.48   
19                  72      15486.97               5728         194.67   
20                  63      17694.19               5030         221.62   
21                  47      27212.90               4865         262.90   
22                  74      20198.46               4897         305.23   
23                 227       7897.31              13486         132.93   
24                  28      26338.50               2741         269.06   
25                  16      52473.74               1823         460.55   
26                  99       9306.24               6466         142.49   
27                  50      19749.22               4895         201.73   
28                  44      23083.15               5248         193.53   
29                  80      11347.74               5885         154.26   
...                ...           ...                ...            ...   
1995               144      19401.81               4933         809.08   
1996                86      36389.62               6280         711.89   
1997                61      36388.03               4810         659.24   
1998                73      39877.23               4434         937.89   
1999              4862      10565.03             173428         423.12   
2000                12      85088.83               1214        1201.53   
2001                24      69257.39               2214        1072.51   
2002                16     109937.90               1865        1347.38   
2003                79      28198.54               6444         493.85   
2004                44      42875.50               4052         665.11   
2005                71      31319.78               5500         577.58   
2006                42      53296.38               3340         957.42   
2007                49      51384.62               4215         853.36   
2008                46      59350.17               3665        1064.16   
2009               106      33705.40               7436         686.38   
2010               119      21054.02               5949         601.64   
2011               107      32506.98               6828         727.72   
2012               159      25057.74               8465         672.37   
2013                46      65621.53               4140        1041.61   
2014               130      51593.19              12558         762.98   
2015                64      23975.93               4543         482.51   
2016               123      16317.17               6125         468.10   
2017                83      26039.70               4661         662.42   
2018                54      48889.92               4043         932.84   
2019                46      67325.96               4530         976.66   
2020               101      35079.74               6982         724.93   
2021                79      47183.15               6343         839.50   
2022               217      19603.05              13622         446.11   
2023                45      32255.05               3221         643.75   
2024                53      47718.26               3730         968.62   

     Acumulado  Valor_Acumulado  Estimativa_Prêmio  
0          SIM     1.714650e+06                  0  
1          NÃO     0.000000e+00                  0  
2          NÃO     0.000000e+00                  0  
3          SIM     7.170808e+05                  0  
4          SIM     1.342489e+06                  0  
5          SIM     2.286166e+06                  0  
6          SIM     3.335692e+06                  0  
7          SIM     4.493748e+06                  0  
8          SIM     5.718641e+06                  0  
9          SIM     1.333477e+07                  0  
10         NÃO     0.000000e+00                  0  
11         SIM     8.801362e+05                  0  
12         SIM     1.940205e+06                  0  
13         SIM     3.006941e+06                  0  
14         SIM     4.232661e+06                  0  
15         SIM     5.471687e+06                  0  
16         NÃO     0.000000e+00                  0  
17         SIM     8.588435e+05                  0  
18         SIM     1.050627e+07                  0  
19         SIM     1.184434e+07                  0  
20         SIM     1.318202e+07                  0  
21         SIM     1.471683e+07                  0  
22         SIM     1.651045e+07                  0  
23         NÃO     0.000000e+00                  0  
24         SIM     8.849735e+05                  0  
25         SIM     1.892469e+06                  0  
26         SIM     2.998051e+06                  0  
27         SIM     4.183003e+06                  0  
28         NÃO     0.000000e+00                  0  
29         SIM     1.012752e+07                  0  
...        ...              ...                ...  
1995       SIM     3.312983e+07           39000000  
1996       SIM     3.889471e+07           43500000  
1997       SIM     4.298357e+07           48000000  
1998       SIM     1.390996e+08          280000000  
1999       NÃO     0.000000e+00            2000000  
2000       SIM     1.880911e+06            4500000  
2001       SIM     4.942817e+06            8500000  
2002       SIM     8.183091e+06           12000000  
2003       NÃO     0.000000e+00           12000000  
2004       SIM     1.119825e+07           15000000  
2005       SIM     1.529455e+07           20000000  
2006       SIM     1.941801e+07           24000000  
2007       SIM     2.405615e+07           30000000  
2008       SIM     4.251297e+07           48000000  
2009       SIM     4.909439e+07           56000000  
2010       SIM     5.370965e+07           59000000  
2011       SIM     6.011695e+07           70000000  
2012       SIM     6.745623e+07           71000000  
2013       SIM     9.219062e+07          100000000  
2014       NÃO     0.000000e+00            3000000  
2015       SIM     2.826635e+06            6200000  
2016       SIM     6.523762e+06           11000000  
2017       SIM     1.050509e+07           15000000  
2018       SIM     3.279459e+07           40000000  
2019       SIM     3.849958e+07           45000000  
2020       SIM     4.502626e+07           52000000  
2021       SIM     5.189265e+07           60000000  
2022       NÃO     0.000000e+00            3000000  
2023       SIM     2.128445e+07           25000000  
2024       SIM     2.594326e+07           30000000  

[2025 rows x 19 columns]
-------------------------------------------
Source Code of a Unmatched Cell 1
-------------------------------------------
#Os 6 numeros que mais apareceram em todos os concursos
dados.iloc[:,2:8].unstack().value_counts()[0:6].index

-----------------
Original output:
Int64Index([5, 53, 10, 23, 4, 54], dtype='int64')
Executed output:
Index([5, 54, 28, 53, 10, 32], dtype='object')
-------------------------------------------
Source Code of a Unmatched Cell 2
-------------------------------------------
dados.iloc[:,2:8]

-----------------
Original output:
      Dezena1  Dezena2  Dezena3  Dezena4  Dezena5  Dezena6
0          41        5        4       52       30       33
1           9       39       37       49       43       41
2          36       30       10       11       29       47
3           6       59       42       27        1        5
4           1       19       46        6       16        2
5          19       40        7       13       22       47
6          56       38       21       20        3        5
7          53       17       38        4       47       37
8          55       43       56       54        8       60
9          25        4       18       57       21       38
10         25       15       58       37       59       38
11         20       27       43       16       19        4
12         47       32       50       54       18       56
13         16        2       27       47       23       53
14         60       12       33       52       35       51
15         60       58       49       32       20       34
16         10       20        6       19       51       13
17         37       36       56       27       42       23
18          5       25       12       10       60       24
19         25       28       30       33       51       11
20         49       46        6       53       33       36
21          9       38       56        1       31       46
22         17       52       51       59       39       37
23          1        8       14       28       33       43
24         56       50       55       54       24       43
25         50       53       57       10       58       22
26         44       33       13       51       17       20
27         60        6       22        3       24       54
28         14       56       58        8       43        3
29         38       50        7       29       15       14
...       ...      ...      ...      ...      ...      ...
1995       56       21       20        7       40       24
1996       14        7       35        1       31       46
1997       57       21       24       52       25        8
1998       42       38       49       15       50       37
1999        6       37       34       10        3       17
2000       22       20       52       60       42       36
2001       59       46       28       38        4       30
2002       40       50       43       28       51       34
2003       45       35        1       23        5       14
2004       22       19       33       11       53       34
2005       20        9        1       14       54       25
2006       41       14       54        4       39       58
2007       27       22       58       33       59       42
2008        1       48       50       44       37       46
2009       18       56        8       34       39       10
2010       28       35       58       54        2       32
2011       11       51       36        8       35       27
2012        6       36       53       30       56       23
2013       46       32       16       56       40       53
2014       18       58       32       39       27       17
2015       11       17       48       18        4       21
2016       56       10       11        2       38       24
2017       55       11       27       22       25       59
2018       41       46       54       59       23       52
2019        2       46       57       60       48       36
2020       32       37       40       60        7       14
2021       28       60       52       45        4       48
2022       23       56        8        7        1        6
2023       29       16       20       35       47       23
2024       52       56        4       24       46       55

[2025 rows x 6 columns]
Executed output:
     Data Sorteio  Dezena1  Dezena2  Dezena3  Dezena4  Dezena5
0      1996-03-11       41        5        4       52       30
1      1996-03-18        9       39       37       49       43
2      1996-03-25       36       30       10       11       29
3      1996-04-01        6       59       42       27        1
4      1996-04-08        1       19       46        6       16
5      1996-04-15       19       40        7       13       22
6      1996-04-22       56       38       21       20        3
7      1996-04-29       53       17       38        4       47
8      1996-05-06       55       43       56       54        8
9      1996-05-13       25        4       18       57       21
10     1996-05-20       25       15       58       37       59
11     1996-05-27       20       27       43       16       19
12     1996-06-03       47       32       50       54       18
13     1996-06-10       16        2       27       47       23
14     1996-06-17       60       12       33       52       35
15     1996-06-24       60       58       49       32       20
16     1996-07-01       10       20        6       19       51
17     1996-07-08       37       36       56       27       42
18     1996-07-15        5       25       12       10       60
19     1996-07-22       25       28       30       33       51
20     1996-07-29       49       46        6       53       33
21     1996-08-05        9       38       56        1       31
22     1996-08-12       17       52       51       59       39
23     1996-08-19        1        8       14       28       33
24     1996-08-25       56       50       55       54       24
25     1996-09-01       50       53       57       10       58
26     1996-09-08       44       33       13       51       17
27     1996-09-15       60        6       22        3       24
28     1996-09-22       14       56       58        8       43
29     1996-09-29       38       50        7       29       15
...           ...      ...      ...      ...      ...      ...
1995   2017-12-13       56       21       20        7       40
1996   2017-12-16       14        7       35        1       31
1997   2017-12-19       57       21       24       52       25
1998   2017-12-21       42       38       49       15       50
1999   2017-12-31        6       37       34       10        3
2000   2018-01-03       22       20       52       60       42
2001   2018-01-06       59       46       28       38        4
2002   2018-01-10       40       50       43       28       51
2003   2018-01-13       45       35        1       23        5
2004   2018-01-17       22       19       33       11       53
2005   2018-01-20       20        9        1       14       54
2006   2018-01-24       41       14       54        4       39
2007   2018-01-27       27       22       58       33       59
2008   2018-01-31        1       48       50       44       37
2009   2018-02-03       18       56        8       34       39
2010   2018-02-06       28       35       58       54        2
2011   2018-02-08       11       51       36        8       35
2012   2018-02-10        6       36       53       30       56
2013   2018-02-14       46       32       16       56       40
2014   2018-02-17       18       58       32       39       27
2015   2018-02-21       11       17       48       18        4
2016   2018-02-24       56       10       11        2       38
2017   2018-02-28       55       11       27       22       25
2018   2018-03-03       41       46       54       59       23
2019   2018-03-07        2       46       57       60       48
2020   2018-03-10       32       37       40       60        7
2021   2018-03-14       28       60       52       45        4
2022   2018-03-17       23       56        8        7        1
2023   2018-03-21       29       16       20       35       47
2024   2018-03-24       52       56        4       24       46

[2025 rows x 6 columns]
-------------------------------------------
Source Code of a Unmatched Cell 3
-------------------------------------------
dados.iloc[:,2:8].unstack()

-----------------
Original output:
Dezena1  0       41
         1        9
         2       36
         3        6
         4        1
         5       19
         6       56
         7       53
         8       55
         9       25
         10      25
         11      20
         12      47
         13      16
         14      60
         15      60
         16      10
         17      37
         18       5
         19      25
         20      49
         21       9
         22      17
         23       1
         24      56
         25      50
         26      44
         27      60
         28      14
         29      38
                 ..
Dezena6  1995    24
         1996    46
         1997     8
         1998    37
         1999    17
         2000    36
         2001    30
         2002    34
         2003    14
         2004    34
         2005    25
         2006    58
         2007    42
         2008    46
         2009    10
         2010    32
         2011    27
         2012    23
         2013    53
         2014    17
         2015    21
         2016    24
         2017    59
         2018    52
         2019    36
         2020    14
         2021    48
         2022     6
         2023    23
         2024    55
Length: 12150, dtype: int64
Executed output:
Data Sorteio  0       1996-03-11 00:00:00
              1       1996-03-18 00:00:00
              2       1996-03-25 00:00:00
              3       1996-04-01 00:00:00
              4       1996-04-08 00:00:00
              5       1996-04-15 00:00:00
              6       1996-04-22 00:00:00
              7       1996-04-29 00:00:00
              8       1996-05-06 00:00:00
              9       1996-05-13 00:00:00
              10      1996-05-20 00:00:00
              11      1996-05-27 00:00:00
              12      1996-06-03 00:00:00
              13      1996-06-10 00:00:00
              14      1996-06-17 00:00:00
              15      1996-06-24 00:00:00
              16      1996-07-01 00:00:00
              17      1996-07-08 00:00:00
              18      1996-07-15 00:00:00
              19      1996-07-22 00:00:00
              20      1996-07-29 00:00:00
              21      1996-08-05 00:00:00
              22      1996-08-12 00:00:00
              23      1996-08-19 00:00:00
              24      1996-08-25 00:00:00
              25      1996-09-01 00:00:00
              26      1996-09-08 00:00:00
              27      1996-09-15 00:00:00
              28      1996-09-22 00:00:00
              29      1996-09-29 00:00:00
                             ...         
Dezena5       1995                     40
              1996                     31
              1997                     25
              1998                     50
              1999                      3
              2000                     42
              2001                      4
              2002                     51
              2003                      5
              2004                     53
              2005                     54
              2006                     39
              2007                     59
              2008                     37
              2009                     39
              2010                      2
              2011                     35
              2012                     56
              2013                     40
              2014                     27
              2015                      4
              2016                     38
              2017                     25
              2018                     23
              2019                     48
              2020                      7
              2021                      4
              2022                      1
              2023                     47
              2024                     46
Length: 12150, dtype: object
-------------------------------------------
Source Code of a Unmatched Cell 4
-------------------------------------------
dados.iloc[:,2:8].unstack().value_counts()[0:6]

-----------------
Original output:
5     233
53    230
10    227
23    224
4     224
54    221
dtype: int64
Executed output:
5     192
54    191
28    190
53    189
10    187
32    183
dtype: int64
-------------------------------------------
Source Code of a Unmatched Cell 5
-------------------------------------------
dados.iloc[:,2:8].unstack().value_counts()[0:6].index

-----------------
Original output:
Int64Index([5, 53, 10, 23, 4, 54], dtype='int64')
Executed output:
Index([5, 54, 28, 53, 10, 32], dtype='object')
