3
4
11
16
28
33
42
43
44
45
46
47
48
67
72
75
78
79
80
84
85
86
87
106
108
136
139
142
144
151
162
179
181
184
185
186
187
188
189
190
191
192
193
194
195
196
197
198
199
202
203
204
205
206
210
239
262
263
266
267
278
292
298
325
326
327
332
364
365
367
378
383
386
388
395
396
433
435
436
437
438
439
440
441
442
443
444
449
450
457
458
475
481
482
554
565
567
569
570
571
572
620
685
687
691
695
703
711
712
713
719
727
738
740
745
748
749
752
753
754
757
758
770
771
772
777
796
797
802
827
836
837
838
841
842
845
847
866
869
892
893
897
899
900
902
903
945
968
976
977
985
986
991
997
1002
1028
1029
1033
1036
1037
1042
1044
1053
1054
1055
1058
1076
1101
1106
1118
1122
1141
1150
1151
1152
1153
1211
1213
1215
1223
1225
1229
1231
1232
1235
1243
1244
1245
1257
1269
1270
1271
1273
1274
1275
1276
1277
1283
1311
1319
1367
1401
1402
1458
1493
1494
1495
1496
1497
1498
1500
1501
1514
1515
1517
1518
1520
1523
1549
1585
1587
1588
1599
1645
1737
1739
1742
1747
1751
1755
1757
1809
1828
1829
1836
1849
1850
1855
1856
1919
1923
1954
1961
1967
2006
2053
2061
2062
2063
2064
2065
2066
2067
2068
2069
2070
2071
2072
2074
2099
2100
2112
2115
2166
2197
2199
2202
2203
2210
2215
2216
2217
2219
